Seed: 1234033
Total generation: 1000
Population size: 1000
Crossover rate: 0.85
Mutation rate: 0.75
Elitism rate: 0.5

Step One : 
Fitness Value : 0 (semakin mendekati 0 semakin bagus)
-5  0 -2  5  3  5 -2 -2 -2 -2 
-1 -2 -1  2  5 -2 -2 -2 -5  0 
-2 -2 -2 -2 -2 -2 -2  5  2 -2 
-2  5 -2 -2 -2 -2 -5 -2  5 -2 
-1  1 -1 -2 -2 -2 -1 -5 -2 -2 
-1 -1  1  5 -2 -2 -2 -2  1  5 
-1 -1 -2  2 -2 -2 -1 -2 -2 -2 
-1 -5 -2  5 -2 -2 -2 -2 -2 -2 
-5  2  5 -2 -2 -2 -5 -2  5 -2 
-2  5 -2 -2 -2 -5 -2  5  2 -5 

================================

Step Two : 
Fitness Value : 0 (semakin mendekati 0 semakin bagus)
-5  0 -2  5  3  5 -2 -2 -2 -2 
 5 -2 -2  2  5 -2 -2 -2 -5  0 
-2 -2 -2 -2 -2 -2 -2  5  2 -2 
-2  5 -2 -2 -2 -2 -5 -2  5 -2 
-2  1 -2 -2 -2 -2  5 -5 -2 -2 
-2 -2  1  5 -2 -2 -2 -2  1  5 
-2  5 -2  2 -2 -2 -2 -2 -2 -2 
-2 -5 -2  5 -2 -2 -2 -2 -2 -2 
-5  2  5 -2 -2 -2 -5 -2  5 -2 
-2  5 -2 -2 -2 -5 -2  5  2 -5 


